16.5962674 46.0156966 246.8000030517578
16.5962748 46.0151091 246.10000610351563
16.5965078 46.0144165 249.5
16.5968787 46.013717 248.8000030517578
16.599022 46.0113724 248.60000610351563
16.5999333 46.0107305 249.0
16.6003769 46.0099435 252.60000610351563
16.6006364 46.0092855 249.10000610351563
16.6007168 46.00845 248.5
16.6009217 46.0071674 239.89999389648438
16.6011618 46.006182 243.10000610351563
16.6085623 45.9977644 235.10000610351563
16.608759 45.9969967 235.8000030517578
16.6089117 45.9965833 231.1999969482422
16.608776 45.9962296 227.39999389648438
16.6090796 45.996012 225.10000610351563
16.6098165 45.9959492 221.89999389648438
16.6105856 45.9957466 217.0
16.6109118 45.9955619 215.39999389648438
16.610712 45.9950838 209.6999969482422
16.6100247 45.9945856 208.8000030517578
16.6092775 45.9938732 205.89999389648438
16.6085606 45.9930584 204.10000610351563
16.6081714 45.9922162 204.60000610351563
16.6076281 45.9915157 204.3000030517578
16.6068475 45.9909292 208.39999389648438
16.6064502 45.9902619 211.89999389648438
16.6060431 45.9895258 213.60000610351563
16.6055534 45.9887946 214.89999389648438
16.6040375 45.9878022 216.1999969482422
16.6028784 45.9875954 215.89999389648438
16.6020398 45.9868789 215.1999969482422
16.6013906 45.9861726 217.8000030517578
16.6007492 45.985431 216.3000030517578
16.6001043 45.984847 216.8000030517578
16.5993328 45.9843129 218.1999969482422
16.5989139 45.9838947 219.39999389648438
16.5981778 45.9836791 218.10000610351563
16.5971603 45.9833322 216.1999969482422
16.5962635 45.9827634 215.6999969482422
16.5956562 45.9820569 215.8000030517578
16.5894376 45.9714507 179.8000030517578
16.5906997 45.970937 181.0
16.5915396 45.9701104 183.10000610351563
16.5924316 45.9692544 186.8000030517578
16.5932379 45.9684595 191.1999969482422
16.5936238 45.9675116 195.0
16.5937891 45.9663694 195.3000030517578
16.5939701 45.9654078 197.89999389648438
16.5946894 45.9646301 198.89999389648438
16.595928 45.9642398 198.60000610351563
16.5970396 45.9638364 196.5
16.5977214 45.9630597 193.5
16.5980716 45.9621523 191.5
16.599014 45.9613649 191.0
16.6000631 45.9605209 191.1999969482422
16.6012444 45.9595437 190.60000610351563
16.602392 45.9586123 191.0
16.6031538 45.957902 192.89999389648438
16.6031331 45.9570926 194.8000030517578
16.6030458 45.9561752 198.39999389648438
16.6036748 45.9555088 202.89999389648438
16.6047403 45.9552472 204.6999969482422
16.6054924 45.9545608 207.60000610351563
16.6062595 45.9536868 209.39999389648438
16.6063719 45.9526712 208.6999969482422
16.606585 45.9517504 208.6999969482422
16.6065438 45.9508597 213.1999969482422
16.6063244 45.9497891 214.6999969482422
16.6060613 45.948775 215.1999969482422
16.6058695 45.9478438 216.5
16.6057492 45.9471108 216.39999389648438
16.6057222 45.9465137 217.89999389648438
16.6057129 45.9461137 218.5
16.605626 45.9460393 218.39999389648438
16.6056415 45.945954 218.39999389648438
16.6058483 45.9459127 220.0
16.6059094 45.9458322 220.1999969482422
16.6060175 45.9456547 217.89999389648438
16.6065101 45.9455035 217.8000030517578
16.6075582 45.9457069 216.5
16.6088035 45.9458568 216.6999969482422
16.6100878 45.9459704 215.0
16.6115962 45.9461549 212.60000610351563
16.6132772 45.9463143 210.8000030517578
16.6149149 45.9464518 209.3000030517578
16.616555 45.9465525 210.10000610351563
16.6184924 45.9466644 210.5
16.620134 45.9467715 211.6999969482422
16.6217388 45.9468528 211.5
16.6234223 45.9468979 211.10000610351563
16.6252364 45.9469017 209.39999389648438
16.6270347 45.9470652 206.8000030517578
16.6287287 45.9472114 204.60000610351563
16.6306122 45.9473593 195.60000610351563
16.6324453 45.9474274 186.60000610351563
16.6343262 45.9475272 183.3000030517578
16.6362309 45.9475851 181.6999969482422
16.6381017 45.9476492 181.89999389648438
16.6398726 45.9477866 182.8000030517578
16.6416019 45.9478808 181.60000610351563
16.6433731 45.9479407 181.6999969482422
16.6451166 45.9480998 182.10000610351563
16.6468622 45.9481908 182.3000030517578
16.6484956 45.9483435 182.5
16.6500571 45.9483368 182.3000030517578
16.652048 45.9483914 181.8000030517578
16.6538621 45.9484982 181.6999969482422
16.6556183 45.9486277 182.0
16.6574452 45.9487327 184.3000030517578
16.65927 45.9488003 186.10000610351563
16.6609983 45.9488955 185.60000610351563
16.6626881 45.9489718 184.39999389648438
16.6644587 45.9490175 184.5
16.6661605 45.9490882 185.0
16.6678459 45.9491568 186.39999389648438
16.6695142 45.9492575 186.8000030517578
16.6711172 45.949368 185.3000030517578
16.6728636 45.9494178 185.1999969482422
16.6745039 45.9495279 185.39999389648438
16.6761642 45.9496525 184.3000030517578
16.677896 45.9497384 185.3000030517578
16.6794965 45.949863 186.5
16.6812346 45.9499324 185.60000610351563
16.682911 45.9500127 185.0
16.6846136 45.9500284 184.1999969482422
16.6862269 45.9501288 183.3000030517578
16.687834 45.9502665 183.60000610351563
16.6895121 45.9503453 184.60000610351563
16.6911745 45.9504365 184.6999969482422
16.6929078 45.9504934 187.39999389648438
16.6945543 45.950586 188.39999389648438
16.696063 45.9506623 187.6999969482422
16.6974531 45.9507236 186.6999969482422
16.6987451 45.950553 185.3000030517578
16.7002022 45.9503236 179.60000610351563
16.7017272 45.9501485 176.89999389648438
16.7033464 45.9500906 176.1999969482422
16.7050775 45.9501478 174.1999969482422
16.7068257 45.9502547 174.0
16.7086122 45.9503217 172.6999969482422
16.7105056 45.9502216 170.10000610351563
16.7123269 45.9500564 171.3000030517578
16.7141229 45.9498723 171.39999389648438
16.715896 45.9497086 173.5
16.717697 45.9495468 175.89999389648438
16.7194344 45.9493564 177.6999969482422
16.7245132 45.949404 174.5
16.7259797 45.9497905 168.3000030517578
16.7275065 45.9497032 169.3000030517578
16.729065 45.9492319 168.39999389648438
16.7303886 45.9487556 169.0
16.7313834 45.9480604 171.8000030517578
16.731742 45.9471467 171.60000610351563
16.7316919 45.9461644 173.39999389648438
16.7320299 45.9451419 172.6999969482422
16.7324633 45.9441175 174.39999389648438
16.7331187 45.9432775 174.8000030517578
16.7342899 45.9425924 172.6999969482422
16.7357101 45.9420063 172.6999969482422
16.7371619 45.9415386 174.8000030517578
16.7385666 45.9410715 170.89999389648438
16.7400898 45.9408194 170.1999969482422
16.7416046 45.9410206 170.0
16.7430524 45.9412398 170.6999969482422
16.7445698 45.9411463 173.3000030517578
16.746271 45.9409728 176.6999969482422
16.7911113 45.920652 139.60000610351563
16.7922672 45.919801 177.8000030517578
16.7933436 45.9190223 176.1999969482422
16.794391 45.918139 177.10000610351563
16.8091778 45.9090966 201.89999389648438
16.8107459 45.9086739 189.39999389648438
16.8122365 45.9083429 184.39999389648438
16.8136499 45.908092 182.8000030517578
16.8149968 45.9078396 181.1999969482422
16.8163944 45.9075813 179.89999389648438
16.8177203 45.9073299 180.8000030517578
16.8190318 45.9070659 179.1999969482422
16.8203573 45.9068991 178.60000610351563
16.8215944 45.9068057 177.6999969482422
16.8228035 45.9066687 176.89999389648438
16.8239958 45.9064306 176.1999969482422
16.8252169 45.9058886 173.89999389648438
16.8262853 45.9051967 171.60000610351563
16.8274111 45.9046017 168.1999969482422
16.8287171 45.9042476 166.10000610351563
16.8300831 45.9039504 166.8000030517578
16.831246 45.9035181 167.5
16.8322804 45.9030551 167.5
16.8331732 45.9026293 167.3000030517578
16.8339628 45.9022705 168.10000610351563
16.8348173 45.9018327 168.89999389648438
16.8359076 45.9014371 168.5
16.8368716 45.9010551 167.6999969482422
16.8377445 45.9006089 168.10000610351563
16.8384196 45.9002986 168.60000610351563
16.8387186 45.8999084 168.0
16.8383943 45.8994085 168.1999969482422
16.837825 45.8988052 167.89999389648438
16.8372411 45.8981664 167.60000610351563
16.8370426 45.8978164 167.8000030517578
16.8375442 45.8975446 168.5
16.8382781 45.8972538 169.89999389648438
16.8390432 45.8969436 171.8000030517578
16.8396121 45.8966554 173.6999969482422
16.840424 45.8962689 174.60000610351563
16.8410731 45.8960027 175.0
16.8418162 45.8955902 175.0
16.8426418 45.8952497 175.89999389648438
16.8433307 45.8949294 176.0
16.8439163 45.8947728 174.39999389648438
16.8443348 45.8948468 171.89999389648438
16.8449123 45.8953102 169.89999389648438
16.8455402 45.8958886 171.89999389648438
16.8461416 45.8964025 173.10000610351563
16.8464708 45.8966501 172.8000030517578
16.8467929 45.8965682 172.89999389648438
16.8469875 45.8964079 172.39999389648438
16.8472693 45.8962418 171.8000030517578
16.8477236 45.8959513 172.39999389648438
16.848327 45.8956474 172.6999969482422
16.8489525 45.8952877 172.10000610351563
16.8496724 45.8949345 168.39999389648438
16.850372 45.8944899 167.89999389648438
16.8510149 45.8940624 168.6999969482422
16.8515181 45.8937074 168.5
16.8518376 45.893391 168.5
16.8523847 45.8929094 164.39999389648438
16.8529122 45.8923714 162.8000030517578
16.8533925 45.8917835 161.8000030517578
16.8539108 45.8911315 161.0
16.854445 45.8905649 160.10000610351563
16.8552322 45.8900516 159.0
16.8562478 45.889713 159.6999969482422
16.8574815 45.889684 161.5
16.8586227 45.8893988 160.6999969482422
16.8720828 45.878071 197.6999969482422
16.8729516 45.8775326 183.60000610351563
16.874183 45.8770267 186.5
16.8754924 45.8766687 184.5
16.8768457 45.8763837 184.89999389648438
16.8782322 45.8761184 182.5
16.8795317 45.8758943 182.39999389648438
16.8807028 45.8756224 181.60000610351563
16.8819764 45.8752606 181.1999969482422
16.8834486 45.8750588 179.8000030517578
16.8849236 45.874872 179.0
16.8862763 45.8746471 178.1999969482422
16.8878496 45.87256 178.89999389648438
16.8889627 45.8722424 180.89999389648438
16.8902234 45.8723297 182.5
16.924627 45.8570409 178.60000610351563
16.9283812 45.8544595 181.10000610351563
16.9289116 45.8538687 190.0
16.929562 45.8533406 191.5
16.9548232 45.8381497 161.60000610351563
16.9558151 45.8373218 170.60000610351563
16.9568497 45.836417 175.10000610351563
16.9581062 45.8356799 181.0
16.9589396 45.8348789 176.10000610351563
16.959892 45.8340008 172.8000030517578
16.9608414 45.8332159 171.60000610351563
16.9618873 45.8323041 168.5
16.963053 45.8313831 166.8000030517578
16.9640689 45.8305582 166.1999969482422
16.9647011 45.8296513 166.5
16.964693 45.8287331 165.10000610351563
16.9732891 45.8194074 166.8000030517578
16.9746046 45.8189387 163.6999969482422
16.9761144 45.8184694 167.5
16.9774563 45.8179257 167.5
16.9787852 45.8173948 170.39999389648438
16.9800588 45.8169421 170.8000030517578
16.98113 45.8164647 171.3000030517578
16.9813343 45.8159571 171.5
16.9810504 45.8154614 169.89999389648438
16.9809758 45.8151524 171.60000610351563
16.9812582 45.8150826 171.6999969482422
16.9813021 45.8150863 171.5
16.981648 45.815102 160.3000030517578
16.9818276 45.8153896 177.6999969482422
16.9815845 45.8156116 175.8000030517578
16.9815636 45.8156079 178.39999389648438
16.9814963 45.8156155 169.89999389648438
16.9814286 45.8155904 170.3000030517578
16.9812272 45.8153128 172.6999969482422
16.9810899 45.8151892 178.39999389648438
16.9807774 45.8149258 180.39999389648438
16.9805612 45.8144288 179.5
16.9810278 45.8139425 177.6999969482422
16.9819881 45.8135696 176.39999389648438
16.9830819 45.813242 176.89999389648438
16.9842631 45.8130931 175.1999969482422
16.985462 45.8128884 171.60000610351563
16.9865875 45.81252 172.89999389648438
16.9878742 45.8120776 171.5
16.989282 45.8116044 169.0
16.9905841 45.8109487 169.1999969482422
16.9918296 45.8101383 166.89999389648438
16.9929925 45.8094167 167.0
16.994191 45.80885 166.8000030517578
16.9951602 45.8083557 167.1999969482422
16.9953233 45.8077518 166.89999389648438
16.9951382 45.8069548 166.6999969482422
16.9950254 45.8060305 166.39999389648438
16.9948488 45.8050074 166.1999969482422
16.9948223 45.8040555 169.5
16.9951859 45.8031445 167.89999389648438
16.9949287 45.8023138 166.60000610351563
16.9942425 45.8014218 166.5
16.9936426 45.800506 167.3000030517578
16.9934726 45.79991 168.5
16.9938906 45.7992532 170.60000610351563
16.9942578 45.7984516 172.0
16.9946919 45.7975394 173.6999969482422
16.9953653 45.7966827 174.39999389648438
16.996232 45.7958128 173.39999389648438
16.9970357 45.7950039 172.39999389648438
17.0121856 45.7886814 164.1999969482422
17.0133314 45.7883635 170.60000610351563
17.0147387 45.7880578 175.0
17.0502796 45.7566887 191.10000610351563
17.0493824 45.7537654 183.10000610351563
17.0495834 45.7529855 187.89999389648438
17.0496966 45.75225 189.89999389648438
17.0497929 45.7516049 195.6999969482422
17.0498597 45.750862 194.5
17.0498966 45.7500382 190.8000030517578
17.0495989 45.7494385 188.5
17.0488325 45.7491486 189.39999389648438
17.0474702 45.7492557 188.39999389648438
17.046327 45.7493789 189.5
17.0457092 45.7490659 188.10000610351563
17.0452977 45.7482594 186.0
17.0786038 45.7009036 181.8000030517578
17.0792032 45.7004727 181.3000030517578
17.0802687 45.6999201 181.10000610351563
17.0814022 45.6992934 181.0
17.0825732 45.6987474 180.6999969482422
17.0833446 45.6981821 180.5
17.0835192 45.6974287 180.5
17.083687 45.6965706 180.60000610351563
17.0839456 45.6956506 180.89999389648438
17.084715 45.6949394 180.6999969482422
17.0855268 45.6943058 180.89999389648438
17.0978204 45.687982 179.89999389648438
17.0987872 45.6873272 181.89999389648438
17.0996273 45.6866048 182.39999389648438
17.099842 45.6838854 183.60000610351563
17.0998814 45.6828613 185.1999969482422
17.1043321 45.6786783 181.6999969482422
17.1052525 45.6778241 180.8000030517578
17.1063817 45.6770278 187.6999969482422
17.107458 45.676163 181.5
17.1084093 45.6755555 176.60000610351563
17.1090412 45.6750752 181.1999969482422
17.1093302 45.6748394 181.5
17.1097802 45.6745872 180.89999389648438
17.1104446 45.6740823 179.0
17.1113537 45.6734439 179.8000030517578
17.1123005 45.6727709 179.1999969482422
17.1133377 45.6720773 178.0
17.1145946 45.6714387 176.60000610351563
17.1158333 45.6707891 175.60000610351563
17.1171126 45.6701626 172.60000610351563
17.1184154 45.6695354 171.60000610351563
17.119521 45.6688278 170.5
17.120321 45.6678896 170.5
17.1207459 45.666888 170.6999969482422
17.1211076 45.6659043 170.8000030517578
17.1217984 45.6650032 168.0
17.1226178 45.6642235 166.1999969482422
17.1237242 45.6635875 166.60000610351563
17.1250243 45.6630385 166.6999969482422
17.1263553 45.6624984 165.89999389648438
17.1277173 45.6619732 165.3000030517578
17.129154 45.6614961 164.3000030517578
17.1305847 45.6609899 163.89999389648438
17.1319457 45.6605141 164.1999969482422
17.1333289 45.6599785 163.10000610351563
17.1345982 45.6593185 161.60000610351563
17.1358385 45.6586924 163.3000030517578
17.1370305 45.6579706 164.10000610351563
17.1381583 45.6572282 164.3000030517578
17.1392928 45.6564848 164.1999969482422
17.1403188 45.6557795 166.89999389648438
17.1412807 45.6550932 169.3000030517578
17.1424581 45.6542394 170.6999969482422
17.1433538 45.653592 170.5
17.144319 45.6531231 171.60000610351563
17.1452928 45.6526796 172.1999969482422
17.1463661 45.6521345 175.10000610351563
17.1993044 45.63372 221.10000610351563
17.2051357 45.6311264 231.39999389648438
17.2062169 45.6303689 242.60000610351563
17.2073564 45.6294894 245.8000030517578
17.2086255 45.6287995 242.89999389648438
17.2099435 45.6282827 239.5
17.2110411 45.6276623 239.8000030517578
17.2119329 45.6269051 238.60000610351563
17.2126208 45.6260883 239.8000030517578
17.2132466 45.6252316 240.1999969482422
17.2141188 45.6244184 240.39999389648438
17.2153809 45.6239171 242.0
17.2164816 45.6232697 243.3000030517578
17.2313101 45.6148044 284.5
17.2323551 45.6143169 290.5
17.232682 45.6134966 276.6000061035156
17.232483 45.6126661 279.70001220703125
17.2320445 45.6117087 276.8999938964844
17.2313855 45.6108521 277.20001220703125
17.2303436 45.6102154 276.79998779296875
17.2291843 45.6096694 275.3999938964844
17.2279326 45.6091565 273.6000061035156
17.2266834 45.6086074 271.70001220703125
17.2254617 45.6081082 269.3999938964844
17.2244476 45.607462 266.1000061035156
17.2237958 45.6065841 262.79998779296875
17.2232946 45.6056267 261.20001220703125
17.2229096 45.6045985 261.29998779296875
17.222667 45.6035919 258.6000061035156
17.2226608 45.6026879 254.8000030517578
17.2226782 45.6020289 252.0
17.2226491 45.6016265 252.1999969482422
17.2226456 45.6012672 252.10000610351563
17.2226661 45.600967 251.10000610351563
17.2226361 45.6006165 249.1999969482422
17.2226437 45.6002992 247.6999969482422
17.2226232 45.5999264 245.0
17.2226043 45.5996117 244.5
17.2225392 45.5992567 243.39999389648438
17.2224797 45.5989143 243.0
17.2224096 45.5986119 241.8000030517578
17.2223652 45.5982513 240.3000030517578
17.2223974 45.5975673 241.39999389648438
17.222478 45.5967794 238.5
17.2224406 45.596355 235.0
17.2217934 45.5963258 234.8000030517578
17.2208234 45.596321 233.3000030517578
17.2198403 45.5963279 231.3000030517578
17.2188825 45.5962979 228.6999969482422
17.2182121 45.596323 228.39999389648438
17.218103 45.5958991 227.39999389648438
17.2181371 45.5951551 225.6999969482422
17.2181813 45.5943079 221.10000610351563
17.2181899 45.593471 219.39999389648438
17.2182163 45.5927681 216.89999389648438
17.2182623 45.5927506 216.5
17.2183002 45.5923011 215.60000610351563
17.2183317 45.5914536 212.10000610351563
17.2184026 45.5907276 210.0
17.2184533 45.5901287 207.8000030517578
17.2185168 45.5895541 208.6999969482422
17.2185782 45.5888227 204.5
17.2186209 45.5880994 203.39999389648438
17.2189229 45.5878354 201.39999389648438
17.2197338 45.5879225 200.10000610351563
17.2207418 45.5880085 199.39999389648438
17.2217974 45.5880931 199.39999389648438
17.2225661 45.588119 199.3000030517578
17.2226986 45.5881872 200.5
17.2229328 45.5880882 199.6999969482422
17.2229129 45.5875622 201.0
17.2228089 45.5868452 200.60000610351563
17.2226748 45.5861536 199.5
17.2225581 45.5853984 197.89999389648438
17.222383 45.5845196 196.0
17.22222 45.5836935 197.10000610351563
17.2220708 45.5828537 197.60000610351563
17.2219098 45.5818851 200.1999969482422
17.2217241 45.5810073 201.39999389648438
17.2216061 45.580356 202.3000030517578
17.2215298 45.5796508 204.1999969482422
17.2215389 45.5787819 204.5
17.2216699 45.5778272 203.89999389648438
17.2218525 45.5768827 202.39999389648438
17.2217106 45.5760283 202.10000610351563
17.2210668 45.5754915 203.89999389648438
17.2205253 45.5749155 205.60000610351563
17.2207436 45.574203 209.0
17.221668 45.573579 211.3000030517578
17.222919 45.573159 214.10000610351563
17.2240395 45.5727102 216.60000610351563
17.2250598 45.5722783 220.1999969482422
17.2258532 45.5716854 226.1999969482422
17.2263864 45.5709729 232.89999389648438
17.2265552 45.5702302 239.3000030517578
17.2265802 45.569449 244.1999969482422
17.2264512 45.5687824 245.6999969482422
17.225665 45.5681881 251.10000610351563
17.2246813 45.5676893 260.0
17.2235961 45.5671928 263.29998779296875
17.2225584 45.5667348 266.5
17.2216516 45.5662499 273.3999938964844
17.2207246 45.5654642 277.0
17.2197902 45.5646676 281.70001220703125
17.218826 45.5638248 285.79998779296875
17.2180335 45.5628536 286.8999938964844
17.2171063 45.5620395 287.1000061035156
17.2157038 45.5615516 288.0
17.2142864 45.5611237 288.5
17.2131727 45.5603908 288.29998779296875
17.2124322 45.5594323 287.29998779296875
17.2014011 45.5451678 250.10000610351563
17.200076 45.5443402 258.29998779296875
17.198631 45.5438976 250.39999389648438
17.1969909 45.5435493 250.0
17.1955982 45.5430497 250.8000030517578
17.194312 45.5424637 248.8000030517578
17.1932161 45.5417089 249.39999389648438
17.1924013 45.5407216 249.3000030517578
17.1916073 45.5397573 248.5
17.1906779 45.5388161 247.3000030517578
17.1897244 45.5378881 247.3000030517578
17.1887695 45.5368443 246.60000610351563
17.1878291 45.5358329 245.5
17.1869755 45.5348976 244.8000030517578
17.1861102 45.5339869 244.60000610351563
17.1853174 45.5329876 245.1999969482422
17.1846263 45.5319296 239.6999969482422
17.1818933 45.5273146 236.89999389648438
17.1815011 45.5261672 224.8000030517578
17.1812568 45.5250247 221.8000030517578
17.1813452 45.5238804 220.10000610351563
17.1815246 45.5226323 216.60000610351563
17.1818012 45.5214416 215.5
17.1824017 45.5202251 213.6999969482422
17.1832707 45.5191798 213.5
17.1842642 45.518162 212.39999389648438
17.1848795 45.517268 210.6999969482422
17.1856415 45.5165535 207.1999969482422
17.1869354 45.5160541 204.89999389648438
17.1883371 45.5156234 205.39999389648438
17.189655 45.5149797 203.6999969482422
17.1908232 45.514388 202.6999969482422
17.1917601 45.513819 202.39999389648438
17.1923125 45.5133405 202.39999389648438
17.1925157 45.5129343 202.10000610351563
17.192275 45.5121627 200.89999389648438
17.1920437 45.5112864 198.39999389648438
17.1917361 45.5102189 197.3000030517578
17.1831084 45.4950172 215.0
17.1828005 45.4942122 217.6999969482422
17.1832431 45.4933709 215.5
17.1841574 45.4925943 217.3000030517578
17.1849748 45.4918724 221.8000030517578
17.1893963 45.4896234 213.39999389648438
17.1903002 45.4888732 217.10000610351563
17.1909536 45.4881648 212.10000610351563
17.191231 45.4871104 212.60000610351563
17.1918467 45.4861556 209.60000610351563
17.1923614 45.4851734 210.10000610351563
17.1927657 45.4840711 212.0
17.1928983 45.4830594 214.5
17.1927414 45.4822567 218.5
17.1926339 45.4817248 219.0
17.1925848 45.4808517 220.10000610351563
17.1925839 45.4804142 220.1999969482422
17.1924433 45.4796038 221.60000610351563
17.192486 45.478575 225.60000610351563
17.1929797 45.4776898 229.10000610351563
17.193801 45.4772018 233.6999969482422
17.1949534 45.4772653 239.1999969482422
17.1962131 45.4774683 240.89999389648438
17.197472 45.4773338 243.89999389648438
17.1986029 45.4774739 245.6999969482422
17.1996108 45.4776098 246.10000610351563
17.2006719 45.4773175 248.8000030517578
17.2013413 45.4766329 248.6999969482422
17.2017963 45.4757778 249.5
17.2019068 45.475094 251.60000610351563
17.20193 45.4741464 256.79998779296875
17.2022296 45.4730342 263.3999938964844
17.2023864 45.4719687 267.6000061035156
17.2022364 45.4709559 272.5
17.2018191 45.4704458 274.8999938964844
17.2010964 45.4699746 276.1000061035156
17.2002097 45.4695719 280.29998779296875
17.1994901 45.4691035 279.70001220703125
17.1987324 45.4682586 281.20001220703125
17.1981694 45.4674223 283.29998779296875
17.1978496 45.466738 285.0
17.1977721 45.4659707 286.0
17.1979664 45.4649879 289.6000061035156
17.198594 45.4640412 292.0
17.1992164 45.4633006 291.6000061035156
17.1998702 45.4624239 290.3999938964844
17.2003135 45.4615536 291.0
17.200291 45.4607614 290.6000061035156
17.2000103 45.4599907 291.20001220703125
17.1999007 45.4592904 288.79998779296875
17.199764 45.4584711 285.79998779296875
17.1994929 45.4575776 281.3999938964844
17.1991731 45.4567359 278.8999938964844
17.1990796 45.4560197 278.6000061035156
17.1990407 45.4552598 276.6000061035156
17.1987297 45.4545042 273.79998779296875
17.1984742 45.4536802 267.79998779296875
17.1982471 45.4529083 263.5
17.1979394 45.4524402 260.3999938964844
17.1976027 45.4520068 254.8000030517578
17.1972238 45.451363 251.60000610351563
17.1969077 45.4507055 248.5
17.1966488 45.4500125 243.89999389648438
17.1961837 45.449147 238.60000610351563
17.1956177 45.4483512 235.6999969482422
17.1949626 45.4475548 232.3000030517578
17.1945732 45.4467851 228.60000610351563
17.1942614 45.4460601 227.1999969482422
17.1939655 45.4452893 224.39999389648438
17.1936693 45.4445237 223.3000030517578
17.193106 45.4438108 221.8000030517578
17.1928055 45.4431111 220.6999969482422
17.1927636 45.4426306 220.3000030517578
17.1926592 45.4422003 219.89999389648438
17.1923689 45.4415415 219.60000610351563
17.1921531 45.4407675 218.39999389648438
17.1920467 45.4400112 217.1999969482422
17.1917912 45.4393612 216.0
17.1915842 45.4389388 215.10000610351563
17.1919498 45.4387314 215.60000610351563
17.1923334 45.4385098 215.0
17.1923445 45.4382216 214.5
17.1924099 45.4378025 212.89999389648438
17.1924438 45.4374895 212.8000030517578
17.1924795 45.4372939 212.0
17.1922385 45.4372358 211.5
17.1918616 45.4370638 211.60000610351563
17.1917029 45.4369828 213.0
17.191552 45.4368698 188.89999389648438
17.1914503 45.4369404 221.5
17.1912569 45.4367774 216.0
17.1907493 45.436398 209.0
17.1905055 45.4360892 214.5
17.1904534 45.4356172 214.60000610351563
17.1904487 45.4352194 213.39999389648438
17.1903346 45.4349632 216.0
17.1904351 45.4344114 212.8000030517578
17.1903862 45.4339238 211.39999389648438
17.1903554 45.4335727 210.10000610351563
17.190348 45.4332665 212.0
17.1903123 45.4327402 209.89999389648438
17.1903795 45.4322014 209.10000610351563
17.1903947 45.4316084 210.1999969482422
17.1902676 45.4310961 210.10000610351563
17.1901559 45.4307156 208.89999389648438
17.1900418 45.430192 208.60000610351563
17.1897172 45.4295005 209.3000030517578
17.189468 45.4288444 210.60000610351563
17.18908 45.4282324 207.8000030517578
17.1885727 45.427706 208.1999969482422
17.1875738 45.4268489 199.5
17.1865876 45.4265388 201.1999969482422
17.1857022 45.4268119 202.89999389648438
17.1851392 45.427399 203.10000610351563
17.184264 45.4277887 203.3000030517578
17.1839172 45.4279342 203.39999389648438
17.1837295 45.4279947 204.0
17.1831392 45.428154 204.6999969482422
17.1827926 45.4279005 204.5
17.1831385 45.4273187 204.5
17.1831145 45.4266798 204.6999969482422
17.1823749 45.4259211 202.39999389648438
17.1815955 45.4251127 202.0
17.1806472 45.4243868 203.89999389648438
17.1795997 45.4236569 203.8000030517578
17.1784881 45.4228975 202.60000610351563
17.1774626 45.4221808 203.1999969482422
17.176434 45.4214462 201.89999389648438
17.1754011 45.4206955 202.60000610351563
17.1744063 45.4199906 202.60000610351563
17.1638238 45.4153181 194.5
17.162881 45.4150928 181.39999389648438
17.162497 45.4149866 181.5
17.1621693 45.4146631 191.10000610351563
17.1618184 45.4142039 189.89999389648438
17.1616245 45.4137694 189.10000610351563
17.1624298 45.4112876 183.39999389648438
17.1623587 45.4106187 184.8000030517578
17.1619226 45.4100218 182.3000030517578
17.1615293 45.4096048 182.0
17.1613636 45.4090567 184.6999969482422
17.16165 45.4083263 188.10000610351563
17.1623574 45.4076097 187.3000030517578
17.1631524 45.406863 191.1999969482422
17.16396 45.4063201 190.10000610351563
17.1650419 45.4058461 188.3000030517578
17.165989 45.4052187 188.10000610351563
17.1668137 45.4045224 188.1999969482422
17.1674105 45.4040585 186.39999389648438
17.1675388 45.4035516 189.39999389648438
17.167366 45.402867 189.0
17.1667974 45.4019982 188.39999389648438
17.164091 45.3986494 194.5
17.1630736 45.3984664 196.6999969482422
17.1623379 45.3979065 203.0
17.1621546 45.397124 209.8000030517578
17.1628313 45.3963597 209.1999969482422
17.1636436 45.3956967 211.89999389648438
17.164174 45.3949839 213.39999389648438
17.1644055 45.394104 217.1999969482422
17.1642243 45.3933443 223.10000610351563
17.1637191 45.3926 225.10000610351563
17.1628727 45.3919743 227.39999389648438
17.1617907 45.3914807 229.3000030517578
17.1608211 45.3908901 230.89999389648438
17.160299 45.3900641 230.60000610351563
17.1597153 45.3890504 229.1999969482422
17.1590908 45.3881008 228.89999389648438
17.1582631 45.3871957 226.60000610351563
17.1532842 45.38241 235.1999969482422
17.1535191 45.3813045 213.89999389648438
17.1538309 45.380164 221.89999389648438
17.1542845 45.3791045 223.3000030517578
17.1550291 45.3780555 224.60000610351563
17.1557231 45.3769445 225.89999389648438
17.1565648 45.3759711 226.39999389648438
17.1577932 45.3750863 226.39999389648438
17.1590254 45.3743705 228.0
17.1600391 45.3734741 227.5
17.1608932 45.3724649 229.5
17.1621827 45.3716096 230.10000610351563
17.1634338 45.3708416 230.60000610351563
17.1649253 45.3702356 231.6999969482422
17.1661606 45.369605 231.39999389648438
17.167394 45.3689552 233.3000030517578
17.1685058 45.3681976 236.3000030517578
17.1691945 45.3672307 236.8000030517578
17.1700483 45.3662778 237.8000030517578
17.1704206 45.3659772 238.0
17.1715731 45.3650851 242.8000030517578
17.1726759 45.3642646 243.5
17.173469 45.3635685 243.6999969482422
17.1734228 45.3628034 244.10000610351563
17.1735952 45.3618503 244.39999389648438
17.1740322 45.3608091 245.10000610351563
17.1746248 45.3597752 255.10000610351563
17.1754663 45.35874 257.20001220703125
17.1763343 45.357798 258.20001220703125
17.1770512 45.3567947 261.6000061035156
17.1780293 45.3562642 273.6000061035156
17.179262 45.3559445 275.6000061035156
17.1808305 45.3561412 285.5
17.1822662 45.356154 300.20001220703125
17.1833258 45.3556195 312.0
17.1837657 45.3548019 317.0
17.1833304 45.3539297 323.1000061035156
17.1827964 45.3531089 327.20001220703125
17.1829403 45.352178 334.6000061035156
17.1839021 45.3515447 342.6000061035156
17.1849716 45.3509737 345.20001220703125
17.1856924 45.3501882 348.70001220703125
17.1865627 45.3494454 348.79998779296875
17.1875723 45.3487604 348.5
17.1889769 45.3483552 348.3999938964844
17.190394 45.3479591 346.79998779296875
17.1911293 45.3472474 346.79998779296875
17.1914746 45.3463063 347.0
17.1915749 45.3453174 346.20001220703125
17.1920764 45.3443439 346.0
17.1926727 45.3433956 346.3999938964844
17.1931139 45.342436 343.6000061035156
17.1937395 45.3414006 335.79998779296875
17.1947376 45.3404327 330.6000061035156
17.1957872 45.3396787 327.8999938964844
17.1963178 45.3388055 326.3999938964844
17.1965035 45.3378559 324.79998779296875
17.19907 45.3340003 322.0
17.1996276 45.3327509 294.70001220703125
17.200292 45.3317651 290.70001220703125
17.2007638 45.330717 286.6000061035156
17.2011723 45.3295476 280.5
17.2015511 45.328513 277.0
17.2023646 45.3277077 273.20001220703125
17.2031045 45.3270897 263.5
17.2030385 45.3261554 256.0
17.2030459 45.3250854 251.10000610351563
17.2032256 45.3239842 248.89999389648438
17.203638 45.3231013 245.60000610351563
17.2042014 45.3221944 242.10000610351563
17.2044247 45.3211648 237.89999389648438
17.2045219 45.3200492 237.8000030517578
17.2044429 45.3189927 235.5
17.2040435 45.3179174 234.89999389648438
17.2036575 45.3174328 234.3000030517578
17.2028188 45.3126692 231.89999389648438
17.2028911 45.3115522 227.8000030517578
17.2028644 45.3104062 221.89999389648438
17.202684 45.309235 221.89999389648438
17.2024696 45.308052 220.8000030517578
17.2022359 45.3069204 219.10000610351563
17.2019568 45.305844 217.6999969482422
17.2017362 45.3047649 216.1999969482422
17.2015385 45.3037107 215.60000610351563
17.2015138 45.3025944 216.8000030517578
17.2019071 45.3015113 213.0
17.2049111 45.2982812 212.10000610351563
17.2061167 45.2975991 207.5
17.2068839 45.2966754 204.60000610351563
17.2071157 45.2955312 202.39999389648438
17.2072601 45.2942901 201.0
17.2074376 45.293005 199.5
17.2076935 45.2916908 198.5
17.2079409 45.290408 196.8000030517578
17.208149 45.2891944 193.8000030517578
17.2081854 45.2880069 192.5
17.2078891 45.2867707 192.10000610351563
17.2075416 45.2855335 191.8000030517578
17.2073051 45.2842478 187.89999389648438
17.2072161 45.282959 185.6999969482422
17.2071119 45.2817682 185.1999969482422
17.207034 45.2805878 186.3000030517578
17.2069834 45.279334 185.10000610351563
17.2067291 45.2737096 177.60000610351563
17.2065791 45.2725088 174.60000610351563
17.2064761 45.2712798 172.89999389648438
17.2064278 45.270112 175.10000610351563
17.2064178 45.268903 174.0
17.2064353 45.2676857 174.39999389648438
17.2064072 45.2665298 172.0
17.2059929 45.2655421 173.6999969482422
17.2049211 45.2647672 173.3000030517578
17.2037359 45.2639272 174.0
17.2026268 45.2631067 172.10000610351563
17.201644 45.2623099 172.1999969482422
17.2008183 45.2616062 172.39999389648438
17.2002756 45.2612017 171.8000030517578
17.1999005 45.260917 169.5
17.1996062 45.2607029 168.8000030517578
17.1992991 45.2605148 168.39999389648438
17.1992315 45.2604645 167.39999389648438
17.199174 45.2602417 165.39999389648438
17.199688 45.2600116 165.5
17.2002759 45.2597673 165.1999969482422
17.2008853 45.259582 165.5
17.2016991 45.2592684 165.5
17.2026244 45.2589706 165.60000610351563
17.2037209 45.2585784 165.8000030517578
17.2048298 45.2581399 162.60000610351563
17.2059575 45.2577232 162.60000610351563
17.2071787 45.2573091 162.3000030517578
17.2084236 45.2568326 161.60000610351563
17.2096334 45.2564033 160.39999389648438
17.2108341 45.2559895 159.3000030517578
17.2118967 45.2556192 158.3000030517578
17.213029 45.2552386 158.5
17.2142244 45.2548423 160.10000610351563
17.2152188 45.2544928 158.8000030517578
17.2156687 45.2543901 158.0
17.2163356 45.2542248 159.10000610351563
17.2174153 45.2539418 160.0
17.2269385 45.2542451 163.1999969482422
17.2281443 45.2547944 171.60000610351563
17.2292523 45.2553816 178.0
17.2303803 45.2559731 175.60000610351563
17.2313649 45.2565117 175.5
17.2323541 45.2570212 175.39999389648438
17.2333004 45.2575194 176.8000030517578
17.2343027 45.2579545 176.10000610351563
17.2353692 45.2583596 176.3000030517578
17.2364957 45.2587733 175.39999389648438
17.2377073 45.259249 173.10000610351563
17.2390572 45.2596816 171.89999389648438
17.2404651 45.2598978 171.60000610351563
17.2418734 45.2602676 169.39999389648438
17.2432331 45.2607606 168.10000610351563
17.2445864 45.2613287 167.3000030517578
17.2457988 45.2620296 168.6999969482422
17.2469304 45.262772 168.1999969482422
17.247854 45.2635976 168.5
17.2488473 45.2644882 168.39999389648438
17.2498784 45.265399 170.1999969482422
17.2508695 45.2663603 169.39999389648438
17.2518297 45.2673554 170.0
17.2527741 45.268295 171.0
17.253737 45.2691619 171.5
17.2546641 45.2699641 172.39999389648438
17.2556184 45.2705056 173.39999389648438
17.2569138 45.2706493 173.5
17.258436 45.2707839 174.60000610351563
17.260001 45.2708911 174.6999969482422
17.2616171 45.2710178 173.89999389648438
17.2632426 45.2711302 174.5
17.2648348 45.2712485 173.60000610351563
17.2664043 45.271331 172.60000610351563
17.2679693 45.2714152 170.6999969482422
17.26935 45.2711069 170.8000030517578
17.2707404 45.2707029 170.8000030517578
17.272177 45.270321 171.1999969482422
17.2736402 45.2699343 170.89999389648438
17.2751384 45.2695498 170.3000030517578
17.2765789 45.2691471 171.10000610351563
17.2778704 45.2687698 172.8000030517578
17.2790432 45.2683639 172.39999389648438
17.2799092 45.2680424 173.6999969482422
17.2805393 45.2678136 174.6999969482422
17.2814846 45.2675039 175.3000030517578
17.282708 45.2671291 175.0
17.2841271 45.2668532 176.39999389648438
17.2854822 45.2666704 176.1999969482422
17.2868883 45.2665024 175.89999389648438
17.2882664 45.2662889 176.3000030517578
17.28963 45.2660715 179.3000030517578
17.2909782 45.265868 177.89999389648438
17.2923118 45.2657146 177.39999389648438
17.2937288 45.2655819 177.8000030517578
17.2951413 45.2654482 178.1999969482422
17.2965386 45.2653475 178.60000610351563
17.2980126 45.2652844 175.6999969482422
17.2994859 45.2651826 176.89999389648438
17.3009766 45.2651149 176.60000610351563
17.3025352 45.2650597 175.3000030517578
17.3040658 45.2649897 176.89999389648438
17.3055915 45.2649138 178.10000610351563
17.3071633 45.2648257 177.60000610351563
17.3087095 45.2647096 177.39999389648438
17.3102515 45.2645771 176.6999969482422
17.3118078 45.2644704 176.8000030517578
17.3133693 45.2643432 175.89999389648438
17.3149519 45.2642402 174.6999969482422
17.3165888 45.2641293 173.39999389648438
17.3182357 45.2640792 172.3000030517578
17.3198621 45.2641333 170.5
17.3214182 45.2643456 171.0
17.3227322 45.2648563 171.10000610351563
17.3238097 45.2655714 172.3000030517578
17.3248444 45.2658106 171.10000610351563
17.3261434 45.2658131 171.60000610351563
17.327544 45.2658858 173.10000610351563
17.3290308 45.2660019 172.60000610351563
17.3305444 45.266076 172.39999389648438
17.3321005 45.2661535 172.6999969482422
17.3336252 45.2662142 173.39999389648438
17.3351436 45.2662961 177.10000610351563
17.3366165 45.2664398 178.3000030517578
17.3379791 45.2666111 179.10000610351563
17.3392821 45.26678 180.0
17.3406034 45.2669309 182.0
17.3418003 45.2670728 182.39999389648438
17.3427952 45.2671412 181.8000030517578
17.3436272 45.2671252 179.8000030517578
17.3443594 45.267102 179.0
17.3450101 45.2670316 178.39999389648438
17.3457348 45.2669294 178.5
17.3466462 45.2668017 179.10000610351563
17.3478528 45.2665879 179.1999969482422
17.3491455 45.2663914 179.39999389648438
17.350476 45.2661709 179.10000610351563
17.3518419 45.2659714 179.8000030517578
17.3533055 45.2658137 177.39999389648438
17.354541 45.265675 177.5
17.3553613 45.2656119 177.39999389648438
17.3562295 45.26552 178.60000610351563
17.3575952 45.2654279 177.1999969482422
17.3589903 45.2652785 177.39999389648438
17.3603226 45.2650974 178.3000030517578
17.3616239 45.2648377 178.60000610351563
17.3627396 45.2645073 179.1999969482422
17.3637536 45.2641872 178.89999389648438
17.3647264 45.2639221 178.0
17.3657327 45.2637786 177.6999969482422
17.3665092 45.2636336 178.1999969482422
17.3670137 45.2635351 177.10000610351563
17.3673974 45.2634762 176.89999389648438
17.3680344 45.2633662 177.39999389648438
17.3688442 45.2632549 177.3000030517578
17.3697064 45.2631294 177.39999389648438
17.3705911 45.2629949 177.60000610351563
17.3715607 45.2628416 176.6999969482422
17.3724265 45.2626612 176.1999969482422
17.3732889 45.262385 175.0
17.3741772 45.2620234 174.39999389648438
17.3750304 45.2617701 173.89999389648438
17.3758695 45.261484 172.8000030517578
17.3766595 45.2612002 171.39999389648438
17.3774065 45.2609285 170.60000610351563
17.3778281 45.2607642 171.6999969482422
17.378264 45.2606473 173.1999969482422
17.3788095 45.2605295 174.10000610351563
17.379281 45.2603915 174.89999389648438
17.3797371 45.2603503 174.1999969482422
17.3799473 45.260198 173.6999969482422
17.3798385 45.2598821 175.6999969482422
17.3796108 45.2593085 175.0
17.379434 45.2586985 175.89999389648438
17.3791837 45.2579827 177.10000610351563
17.3788287 45.2571394 177.3000030517578
17.378521 45.256393 177.39999389648438
17.378215 45.2557442 176.5
17.3781198 45.25558 176.60000610351563
17.3783146 45.2554617 175.6999969482422
17.3790252 45.2554135 174.89999389648438
17.3797597 45.2553058 173.8000030517578
17.3805721 45.2552136 172.6999969482422
17.3816573 45.255017 172.0
17.3828324 45.2547994 171.6999969482422
17.3839909 45.254636 171.6999969482422
17.3849282 45.2545146 171.6999969482422
17.3852434 45.254436 172.0
17.3853689 45.2544206 171.5
17.3863493 45.2542593 171.39999389648438
17.38737 45.2540844 172.0
17.3884517 45.2539188 172.6999969482422
17.3896081 45.2537688 173.3000030517578
17.3908462 45.2535768 170.39999389648438
17.3920721 45.2534119 168.89999389648438
17.3927771 45.2533959 168.1999969482422
17.3935003 45.2535306 167.10000610351563
17.3945242 45.2538187 167.89999389648438
17.3955452 45.2542276 167.89999389648438
17.3967124 45.254544 168.0
17.3981306 45.2547264 168.10000610351563
17.3996518 45.25463 166.60000610351563
17.4012631 45.2543494 164.8000030517578
17.4029223 45.2540507 165.5
17.4045897 45.2537725 165.10000610351563
17.4063026 45.2534582 164.1999969482422
17.407822 45.2531922 163.39999389648438
17.4088418 45.2530014 163.3000030517578
17.4092246 45.2529739 162.60000610351563
17.4093858 45.2533715 162.3000030517578
17.4094961 45.2540443 164.10000610351563
17.4096107 45.2548678 165.0
17.4097286 45.2557555 164.1999969482422
17.4098743 45.2564892 167.10000610351563
17.4101153 45.2568611 165.89999389648438
17.4108265 45.2568295 166.3000030517578
17.4118764 45.2567247 165.39999389648438
17.4131137 45.2566024 163.39999389648438
17.4144769 45.256492 163.6999969482422
17.4157098 45.2563925 163.6999969482422
17.4169012 45.2564113 162.6999969482422
17.4180957 45.2566594 163.5
17.4193926 45.2569454 163.8000030517578
17.4206086 45.2570927 163.6999969482422
17.4219144 45.257047 165.1999969482422
17.4232078 45.2569462 166.10000610351563
17.424349 45.256844 166.8000030517578
17.4254123 45.2567243 167.8000030517578
17.4263054 45.2566271 167.39999389648438
17.4272194 45.2565391 167.1999969482422
17.428139 45.2564329 169.10000610351563
17.4292055 45.2563318 171.1999969482422
17.430054 45.2562239 172.3000030517578
17.4309766 45.2561648 173.3000030517578
17.4316635 45.256114 174.5
17.4328054 45.2560197 176.0
17.4338334 45.2558823 177.60000610351563
17.4350506 45.2557728 179.89999389648438
17.4362478 45.2556254 180.39999389648438
17.4373224 45.2554172 181.10000610351563
17.4383872 45.2550072 179.60000610351563
17.4394716 45.2545884 180.3000030517578
17.4405543 45.2541673 181.10000610351563
17.4415686 45.2538151 181.0
17.4426139 45.2534417 180.39999389648438
17.4436971 45.253042 180.39999389648438
17.4447681 45.2526531 177.39999389648438
17.4458519 45.252252 174.8000030517578
17.4469512 45.2518524 174.1999969482422
17.4480675 45.2514264 174.1999969482422
17.4491552 45.2510066 172.0
17.4502844 45.2505924 170.60000610351563
17.4514 45.2501736 170.60000610351563
17.4525712 45.2497598 170.60000610351563
17.4537884 45.2493555 169.6999969482422
17.4549293 45.2489201 170.60000610351563
17.456066 45.2484753 171.6999969482422
17.4572362 45.2480311 171.1999969482422
17.4584564 45.2475754 172.60000610351563
17.4597148 45.2471429 172.0
17.4609932 45.2468081 171.6999969482422
17.4622263 45.2464719 169.10000610351563
17.4634071 45.2461163 169.0
17.4645875 45.2457577 167.1999969482422
17.4657514 45.245438 167.6999969482422
17.469734 45.2443626 185.60000610351563
17.4709384 45.244075 167.10000610351563
17.4721103 45.2438018 165.89999389648438
17.4733727 45.2434805 166.39999389648438
17.4779375 45.2427976 179.6999969482422
17.4789614 45.2422706 164.10000610351563
17.4801006 45.2419158 165.0
17.4811626 45.2415346 162.5
17.4822465 45.2411682 162.89999389648438
17.4834043 45.2407674 163.39999389648438
17.4845558 45.2404082 166.5
17.4856881 45.2400149 167.10000610351563
17.486861 45.2396791 167.0
17.5138546 45.230849 173.6999969482422
17.514956 45.230532 169.1999969482422
17.5160604 45.2302866 169.6999969482422
17.517247 45.2300824 166.5
17.5183672 45.2298696 166.39999389648438
17.5194677 45.2296656 165.89999389648438
17.5205943 45.2294978 163.10000610351563
17.521544 45.2293409 163.10000610351563
17.5224231 45.2291615 165.5
17.5231331 45.2290329 168.1999969482422
17.5236486 45.2289344 167.8000030517578
17.5246019 45.2287537 168.10000610351563
17.5258158 45.2285404 168.0
17.5271833 45.228297 167.60000610351563
17.5285978 45.2280396 169.39999389648438
17.530045 45.2277871 167.6999969482422
17.531404 45.2275609 167.10000610351563
17.5327492 45.2273287 167.1999969482422
17.5340925 45.2270961 165.89999389648438
17.5355112 45.2268339 165.8000030517578
17.536998 45.2265847 165.6999969482422
17.5385202 45.2262932 163.60000610351563
17.5399684 45.2260234 162.5
17.541271 45.2257947 162.10000610351563
17.541918 45.2256806 163.1999969482422
17.5422418 45.2256313 164.1999969482422
17.5422868 45.2256233 164.0
17.5426231 45.2255751 164.3000030517578
17.5434394 45.2254477 165.10000610351563
17.5446201 45.225236 165.10000610351563
17.5459408 45.2249519 164.8000030517578
17.54729 45.224584 166.39999389648438
17.5486227 45.2242421 165.5
17.5500204 45.2239114 166.1999969482422
17.555477 45.2224464 163.6999969482422
17.5567953 45.2221345 164.1999969482422
17.5581837 45.22178 163.6999969482422
17.5595436 45.2213852 166.10000610351563
17.5609269 45.2210077 165.10000610351563
17.562304 45.2206597 165.8000030517578
17.5636654 45.2202953 166.3000030517578
17.5650665 45.2199187 167.0
17.566485 45.2195618 168.1999969482422
17.5678574 45.2191965 166.89999389648438
17.5692175 45.2188312 167.5
17.5706421 45.2184894 168.8000030517578
17.5720138 45.2181257 169.3000030517578
17.5734453 45.2176994 170.1999969482422
17.5748894 45.2173256 172.1999969482422
17.5763086 45.2169666 173.3000030517578
17.5776737 45.2166081 173.0
17.5790424 45.2162529 172.5
17.5804048 45.2158594 172.39999389648438
17.5817998 45.2154791 172.39999389648438
17.5832349 45.2151166 172.5
17.5844834 45.214918 171.6999969482422
17.6077782 45.2115289 177.39999389648438
17.6089385 45.211365 183.0
17.6101528 45.211214 181.6999969482422
17.6115288 45.2110331 177.8000030517578
17.6127545 45.2107577 175.3000030517578
17.6138614 45.2102783 175.60000610351563
17.6150516 45.2097834 176.39999389648438
17.6162427 45.2091884 173.60000610351563
17.6174873 45.2085677 175.3000030517578
17.6186946 45.207947 176.0
17.6199956 45.207312 173.60000610351563
17.6212554 45.2066769 173.8000030517578
17.6224349 45.2060311 173.10000610351563
17.6236442 45.2054445 172.3000030517578
17.6247932 45.2048228 172.39999389648438
17.6259896 45.2041568 171.8000030517578
17.6272171 45.203577 171.3000030517578
17.6284669 45.2029984 170.5
17.6296491 45.20241 170.5
17.6307682 45.2018141 170.6999969482422
17.631945 45.2012296 170.0
17.6330402 45.2006379 169.0
17.6340916 45.2001078 168.8000030517578
17.635301 45.1995057 168.3000030517578
17.6365113 45.1988867 167.39999389648438
17.637761 45.1983064 166.3000030517578
17.6389319 45.1977107 166.10000610351563
17.6401348 45.1971349 166.6999969482422
17.6411888 45.1965787 166.89999389648438
17.6421768 45.1961193 165.89999389648438
17.6431146 45.1956417 166.1999969482422
17.6439332 45.1953221 164.89999389648438
17.6450886 45.1950198 165.0
17.6463564 45.1947752 163.39999389648438
17.6475565 45.194518 163.8000030517578
17.6488892 45.1942938 164.1999969482422
17.650178 45.194076 164.8000030517578
17.6514143 45.1938502 164.6999969482422
17.6526546 45.1936158 165.10000610351563
17.6537518 45.1931784 163.39999389648438
17.6548245 45.1924935 163.1999969482422
17.6559137 45.1917891 164.0
17.6570421 45.1910269 163.60000610351563
17.658072 45.1903257 161.89999389648438
17.65917 45.1896581 159.60000610351563
17.6601469 45.1890322 158.6999969482422
17.6610358 45.1884839 156.8000030517578
17.661582 45.1881177 154.8000030517578
17.6619064 45.1879091 153.60000610351563
17.6622163 45.1876967 153.60000610351563
17.6625283 45.1875125 154.10000610351563
17.6628472 45.1873368 154.89999389648438
17.6633653 45.1869939 154.0
17.6641598 45.1864566 153.0
17.6650985 45.1858775 152.60000610351563
17.666138 45.1852079 150.1999969482422
17.6671654 45.1845007 151.1999969482422
17.6681645 45.1838687 153.10000610351563
17.6689257 45.1833109 154.39999389648438
17.669659 45.1826732 153.60000610351563
17.670409 45.1820658 152.1999969482422
17.6710198 45.1815607 152.60000610351563
17.6713734 45.1812753 154.0
17.6716283 45.1807391 153.60000610351563
17.6720631 45.1801493 151.10000610351563
17.6730309 45.179784 149.60000610351563
17.6739833 45.1791234 148.10000610351563
17.6749777 45.1782543 148.39999389648438
17.6760327 45.17734 148.39999389648438
17.6770992 45.1764467 146.0
17.678175 45.1755656 145.3000030517578
17.6793182 45.1745968 144.10000610351563
17.6803868 45.1737065 141.6999969482422
17.6813707 45.1729083 142.1999969482422
17.6824955 45.1721129 143.0
17.6936158 45.1689265 147.39999389648438
17.6950915 45.1687104 140.10000610351563
17.6963808 45.1684036 144.10000610351563
17.6975848 45.1681126 144.5
17.698785 45.167879 146.1999969482422
17.6998007 45.1675984 146.0
17.7008804 45.167382 148.39999389648438
17.7018864 45.1671461 146.6999969482422
17.7029581 45.1671668 148.5
17.7039609 45.1674745 149.6999969482422
17.7049334 45.1678509 148.10000610351563
17.7058424 45.1682159 147.10000610351563
17.7065016 45.1684223 146.8000030517578
17.706949 45.1685749 146.60000610351563
17.7075906 45.1687957 146.8000030517578
17.7084717 45.1690209 147.60000610351563
17.7094273 45.1692525 147.39999389648438
17.7106039 45.1695426 147.89999389648438
17.7118189 45.1698314 147.6999969482422
17.7130318 45.170146 148.60000610351563
17.714225 45.1703091 147.3000030517578
17.7152445 45.170391 146.6999969482422
17.7160932 45.1704353 146.8000030517578
17.7166602 45.1704645 144.89999389648438
17.717109 45.170617 144.39999389648438
17.7179752 45.170705 143.89999389648438
17.7191517 45.1707937 145.1999969482422
17.7204597 45.1709638 146.3000030517578
17.7218042 45.1711174 147.89999389648438
17.7231061 45.1712731 148.6999969482422
17.7244801 45.1714346 149.5
17.7258178 45.171577 150.10000610351563
17.7272585 45.1717156 151.3000030517578
17.7286684 45.1717948 152.3000030517578
17.7300635 45.1714232 152.6999969482422
17.740533 45.1687042 143.3000030517578
17.7419564 45.1684536 143.3000030517578
17.7432196 45.1681921 148.6999969482422
17.7445259 45.1679537 150.10000610351563
17.7457708 45.1676881 154.5
17.7470873 45.1674361 155.1999969482422
17.7482519 45.1672119 157.1999969482422
17.7493078 45.1669952 157.1999969482422
17.7504628 45.1667815 157.10000610351563
17.7517389 45.1665483 158.8000030517578
17.7527581 45.1663716 160.0
17.7536582 45.1661493 160.60000610351563
17.7544877 45.1659117 159.1999969482422
17.7550884 45.165745 158.5
17.7555938 45.1655014 157.6999969482422
17.7708031 45.1589548 113.19999694824219
17.7721195 45.1591623 145.60000610351563
17.7736565 45.1590838 146.10000610351563
17.7752336 45.1590324 146.0
17.7767462 45.1590096 146.6999969482422
17.778434 45.1591412 147.60000610351563
17.7801379 45.1593318 147.8000030517578
17.7817451 45.1595938 147.5
17.7833046 45.1600575 147.3000030517578
17.7845145 45.1605829 149.39999389648438
17.7853206 45.1610207 150.89999389648438
17.7862017 45.1614618 151.0
17.787244 45.1618407 150.89999389648438
17.7879742 45.162217 152.3000030517578
17.7885928 45.1624923 151.60000610351563
17.7887872 45.1626646 152.0
17.7889744 45.162779 151.5
17.7895042 45.1630262 151.3000030517578
17.7901958 45.1634156 151.1999969482422
17.7908811 45.1638098 152.3000030517578
17.791631 45.1641422 151.3000030517578
17.7924045 45.1645121 151.1999969482422
17.7932619 45.1648154 150.3000030517578
17.7939586 45.1650932 149.89999389648438
17.7947644 45.1655032 148.39999389648438
17.7957108 45.1659401 146.5
17.7967258 45.1664146 145.39999389648438
17.811672 45.1690926 155.89999389648438
17.8130018 45.1688821 151.60000610351563
17.8145672 45.1686958 145.5
17.816249 45.1686146 148.0
17.8179312 45.1685252 147.60000610351563
17.8195452 45.1685752 145.8000030517578
17.8211965 45.1687572 146.1999969482422
17.8227915 45.1689804 145.60000610351563
17.824414 45.169307 147.8000030517578
17.825967 45.1696311 147.60000610351563
17.8274465 45.1701326 147.89999389648438
17.8288717 45.1705515 150.1999969482422
17.8303188 45.1709432 151.0
17.8317406 45.1712956 151.0
17.8332348 45.1716407 152.0
17.834656 45.1720895 152.10000610351563
17.8359258 45.172548 153.6999969482422
17.837288 45.1730086 154.39999389648438
17.8387725 45.1734221 156.5
17.8402446 45.1739272 158.1999969482422
17.8418928 45.1744307 156.5
17.8435818 45.1749276 157.8000030517578
17.8450693 45.1754357 157.5
17.8464784 45.1759196 157.89999389648438
17.8478284 45.1763567 156.8000030517578
17.8491744 45.1767964 156.8000030517578
17.8505085 45.1772267 154.5
17.91197 45.1902408 152.5
17.9135584 45.1900837 152.6999969482422
17.9144574 45.1897726 153.6999969482422
17.915386 45.1893383 154.6999969482422
17.9163932 45.1889171 154.8000030517578
17.9174632 45.1886182 155.1999969482422
17.9184188 45.1883314 154.6999969482422
17.9194003 45.1880032 153.3000030517578
17.9204177 45.1876089 155.39999389648438
17.9212682 45.1870409 155.3000030517578
17.922024 45.1864199 154.39999389648438
17.9254898 45.1841125 153.10000610351563
17.9267856 45.183772 154.5
17.9280243 45.1834529 153.5
17.9292287 45.1830935 152.8000030517578
17.9304354 45.182727 152.3000030517578
17.9316559 45.1823896 152.3000030517578
17.9328885 45.1820914 152.10000610351563
17.9341532 45.1818149 153.10000610351563
17.9353032 45.1814747 155.3000030517578
17.9364084 45.1811893 154.5
17.9376056 45.1808805 155.5
17.9387865 45.1806076 158.1999969482422
17.9400035 45.180394 160.6999969482422
17.9411954 45.1802219 160.6999969482422
17.9424528 45.1801202 160.39999389648438
17.9436227 45.1799618 159.5
17.9448949 45.1796598 158.60000610351563
17.9462447 45.1793995 159.1999969482422
17.9475099 45.1792363 158.10000610351563
17.9487746 45.179085 155.60000610351563
17.9499856 45.1789909 153.60000610351563
17.951198 45.1789191 153.39999389648438
17.9523893 45.1788669 153.89999389648438
17.9536262 45.178807 153.5
17.9549346 45.1788067 153.1999969482422
17.9695851 45.1790656 164.3000030517578
17.9703023 45.1792098 163.0
17.9713086 45.179397 170.3000030517578
17.9727708 45.1797056 158.89999389648438
17.9739787 45.1799303 154.10000610351563
17.9751314 45.1800675 155.60000610351563
17.9762886 45.1802334 154.1999969482422
17.9771151 45.1803149 155.3000030517578
17.9778242 45.1803516 152.0
17.9788103 45.1803669 150.6999969482422
17.9801068 45.180413 148.3000030517578
17.9815921 45.1804236 146.39999389648438
17.9830584 45.1804038 147.39999389648438
17.9845027 45.1804057 146.3000030517578
17.9857886 45.1806392 146.89999389648438
17.99205 45.181746 150.1999969482422
17.9932837 45.1819332 156.8000030517578
17.9945634 45.1821448 153.1999969482422
17.9955959 45.1822481 153.1999969482422
17.9960346 45.1822695 152.60000610351563
17.9964671 45.1823983 153.0
17.9971133 45.1825742 153.6999969482422
17.9979954 45.1829471 152.3000030517578
17.9990862 45.1832591 152.5
18.0000742 45.1834638 152.5
18.001278 45.1837006 151.8000030517578
18.0014984 45.1837353 151.3000030517578
18.0021739 45.1838245 151.5
18.0036513 45.1839404 151.10000610351563
18.0051522 45.1842172 151.5
18.0063751 45.1842824 150.8000030517578
18.007133 45.1843705 150.1999969482422
18.0077499 45.1846257 150.6999969482422
18.0085928 45.185062 150.1999969482422
18.0094949 45.1855014 151.5
18.0105322 45.1859658 152.39999389648438
18.0115413 45.1864047 152.89999389648438
18.0125438 45.1868044 152.5
18.0135392 45.1872544 151.3000030517578
18.0146232 45.1877199 151.89999389648438
18.0157159 45.1881829 152.0
18.0257435 45.1903782 170.3000030517578
18.0269599 45.1903252 162.10000610351563
18.0279675 45.1903028 161.0
18.0288096 45.1902844 159.60000610351563
18.02982 45.1903142 158.39999389648438
18.0308858 45.190136 154.1999969482422
18.0317674 45.1899307 152.89999389648438
18.0320701 45.1897356 152.10000610351563
18.0324029 45.1898308 151.39999389648438
18.0330034 45.1902011 151.1999969482422
18.0338668 45.1905402 150.89999389648438
18.0346717 45.1908639 151.89999389648438
18.035349 45.1911347 151.6999969482422
18.0354858 45.1911905 161.39999389648438
18.0390015 45.1968988 121.30000305175781
18.0392049 45.1986786 139.8000030517578
18.0390567 45.1993169 140.5
18.0389063 45.1998801 141.3000030517578
18.0386857 45.2004082 146.5
18.0384141 45.200877 146.8000030517578
18.0379638 45.2015849 148.3000030517578
18.0373882 45.2024133 148.6999969482422
18.0367707 45.2033082 148.8000030517578
18.0359682 45.2042234 150.0
18.0351354 45.2050187 151.89999389648438
18.034481 45.2057661 153.3000030517578
18.03416 45.206722 154.60000610351563
18.0339535 45.2077139 153.0
18.033629 45.2087441 153.5
18.013323 45.2227582 149.60000610351563
18.0119524 45.2230303 169.3000030517578
18.0104033 45.2232426 169.5
18.0089714 45.2233463 169.60000610351563
18.00775 45.2233399 168.89999389648438
18.006585 45.2232382 169.0
18.0054048 45.2229538 168.0
18.0041582 45.2228569 167.60000610351563
18.0029095 45.2229339 167.60000610351563
18.0021258 45.2229128 167.0
